$ANSIBLE_VAULT;1.1;AES256
35613838333261383066636465636364323937393661323765303433323630313834623437353735
3630376136313939643666303764616535303838323162350a656238336332626437343030363830
31336234333533363133363433333262353462333537313665326632386165653936613762393265
6366396363626131350a653135316537333336363039643430623533303962393535636337363736
39366563343230363562333732613163356331363031666536376265353035363135636131633934
38623132383835323762633665363064616633376566643236356333613237383036663135333532
63323331663961346535653136306138386461336638393962613334356139323236376437303937
38653766623334376266633235353764383163343335613233333063663537326232386362633835
31653531626132653732336461313137333032643733306236396565353039613136313161613033
34356331376339343066623237303462343936646436663061343364383563663730353738313062
39613936356438626164363733363334366230646232306533666432366161316131633966333430
32376465306137333764623633353362363861333632353162316638636135313762643733356461
37356338363236323631376561316337373361396133386433623233393335363338323766313535
31656666313965333934326532643930623463666131313566333235303466323063396262353237
36616538313362313066366238333836626530666561383038643831613562623439353532613062
61346137343063383336636263656262376133623964373164653336613732633734323664343361
63336639666162663333623438343564363363323939623734323239633530343839323062373131
65353765633434666166353661646232653663383863663761343332666237373263643431303534
62323565363530626665323462376230633435646266313338363265323233666638666638613438
38663638336662316638303464333764613364616334653666613232313766323733656230353932
34656262663563363266303332643036643333316562316664333461633633626666643562386661
62343863333162343366336666313433323233643033666161353161313235666234643261613764
34653631303232373335353730643765396639383561343961656538386536323761303137363331
36383464333231323231
